{
 "cells": [
  {
   "cell_type": "code",
   "execution_count": 1,
   "id": "609e055b",
   "metadata": {},
   "outputs": [],
   "source": [
    "import pandas as pd\n",
    "import matplotlib as mlp\n",
    "import matplotlib.pyplot as plt\n",
    "import numpy as np\n",
    "import math\n",
    "import random"
   ]
  },
  {
   "cell_type": "code",
   "execution_count": 2,
   "id": "515ed38a",
   "metadata": {},
   "outputs": [],
   "source": [
    "data1 = pd.read_csv('data1.csv',header = None)\n",
    "data2 = pd.read_csv('data2.csv',header = None)\n",
    "data3 = pd.read_csv('data3.csv',header = None)\n",
    "data4 = pd.read_csv('data4.csv',header = None)"
   ]
  },
  {
   "cell_type": "code",
   "execution_count": 3,
   "id": "f415950e",
   "metadata": {},
   "outputs": [],
   "source": [
    "#function below is for calculating distance between two dots of the same dimention\n",
    "def distanceCalculate(dot1,dot2,dimention):\n",
    "    res = 0\n",
    "    for i in range(dimention):\n",
    "        res += math.pow(dot1[i]-dot2[i],2)\n",
    "    return math.sqrt(res)"
   ]
  },
  {
   "cell_type": "code",
   "execution_count": 4,
   "id": "e6b71004",
   "metadata": {},
   "outputs": [],
   "source": [
    "#function below is for creating belonging values \n",
    "def createBelongingValues(dotsList,dimention,centresList,m):\n",
    "    finalRes = []\n",
    "    for i in range(len(dotsList)):\n",
    "        if dotsList[i] in centresList:\n",
    "            midRes = [0]*len(centresList)\n",
    "            for counter in range(len(centresList)):\n",
    "                if dotsList[i] == centresList[counter]:\n",
    "                    midRes[counter] = 1\n",
    "            finalRes.append(midRes)\n",
    "        else:\n",
    "            midRes = []\n",
    "            for j in range(len(centresList)):\n",
    "                distance1 = distanceCalculate(dotsList[i],centresList[j],dimention)\n",
    "                midDistance = 0\n",
    "                for k in range(len(centresList)):\n",
    "                    distance2 = distanceCalculate(dotsList[i],centresList[k],dimention)\n",
    "                    midDistance += math.pow(distance1/distance2,2/(m-1))\n",
    "                midRes.append(1/midDistance)\n",
    "            finalRes.append(midRes)\n",
    "    return finalRes"
   ]
  },
  {
   "cell_type": "code",
   "execution_count": 5,
   "id": "03460442",
   "metadata": {},
   "outputs": [],
   "source": [
    "def updateCentres(dotsList,centresList,belongingValues,dimention,m):\n",
    "    for k in range(dimention):\n",
    "        for i in range(len(centresList)):\n",
    "            sorat = 0\n",
    "            makhraj = 0\n",
    "            for j in range(len(dotsList)):\n",
    "                sorat += dotsList[j][k]*math.pow(belongingValues[j][i],m)\n",
    "                makhraj += math.pow(belongingValues[j][i],m)\n",
    "            centresList[i][k] = sorat/makhraj\n",
    "    return centresList"
   ]
  },
  {
   "cell_type": "code",
   "execution_count": 6,
   "id": "f1eead9a",
   "metadata": {},
   "outputs": [],
   "source": [
    "def cost(dotsList,centresList,belongingValues,dimention,m):\n",
    "    res = 0\n",
    "    for i in range(len(dotsList)):\n",
    "        for j in range(len(centresList)):\n",
    "            res += math.pow(belongingValues[i][j],m)*distanceCalculate(dotsList[i],centresList[j],dimention)\n",
    "    return res"
   ]
  },
  {
   "cell_type": "code",
   "execution_count": 7,
   "id": "e5268e52",
   "metadata": {},
   "outputs": [],
   "source": [
    "def readData(data,dimention):\n",
    "    res = []\n",
    "    for i in range(len(data)):\n",
    "        midRes = []\n",
    "        for j in range(dimention):\n",
    "            midRes.append(data.iloc[i][j])\n",
    "        res.append(midRes)\n",
    "    return res"
   ]
  },
  {
   "cell_type": "code",
   "execution_count": 8,
   "id": "4cd331e2",
   "metadata": {},
   "outputs": [],
   "source": [
    "def randomCentreCreate(centresNumber,dimention):\n",
    "    res = []\n",
    "    for i in range(centresNumber):\n",
    "        midRes = []\n",
    "        for j in range(dimention):\n",
    "            midRes.append(random.randrange(-30,30))\n",
    "        res.append(midRes)\n",
    "    return res"
   ]
  },
  {
   "cell_type": "code",
   "execution_count": 10,
   "id": "b3f358d7",
   "metadata": {},
   "outputs": [],
   "source": [
    "def engine(data,centresNumber,m):\n",
    "    dimention = len(data.columns)\n",
    "    dotsList = readData(data,dimention)\n",
    "    centresList = randomCentreCreate(centresNumber,dimention)\n",
    "    belongingValues = []\n",
    "    for i in range(100):\n",
    "        belongingValues = createBelongingValues(dotsList,dimention,centresList,m)\n",
    "        centresList = updateCentres(dotsList,centresList,belongingValues,dimention,m)\n",
    "    print(centresList)\n",
    "    return centresList,belongingValues,dotsList"
   ]
  },
  {
   "cell_type": "code",
   "execution_count": 11,
   "id": "917389b7",
   "metadata": {},
   "outputs": [
    {
     "name": "stdout",
     "output_type": "stream",
     "text": [
      "[[457.26103940471984, 78.583928815123], [243.1078788473107, 210.87780590424452], [433.4959067805997, 388.7799012593737], [518.406307311469, 238.67489361873143], [175.99095571136843, 264.005163985424]]\n"
     ]
    },
    {
     "data": {
      "text/plain": [
       "([[457.26103940471984, 78.583928815123],\n",
       "  [243.1078788473107, 210.87780590424452],\n",
       "  [433.4959067805997, 388.7799012593737],\n",
       "  [518.406307311469, 238.67489361873143],\n",
       "  [175.99095571136843, 264.005163985424]],\n",
       " [[0.10410317075158207,\n",
       "   0.25206597927527213,\n",
       "   0.18387316952099306,\n",
       "   0.12054392859028754,\n",
       "   0.3394137518618652],\n",
       "  [0.06968769361183329,\n",
       "   0.21136575728016388,\n",
       "   0.09412686146924049,\n",
       "   0.07252149204564177,\n",
       "   0.5522981955931207],\n",
       "  [0.0821508098154726,\n",
       "   0.3003376132099063,\n",
       "   0.11540332339824422,\n",
       "   0.08782032483560435,\n",
       "   0.41428792874077247],\n",
       "  [0.05105951008573362,\n",
       "   0.18131901550145021,\n",
       "   0.06569484939538185,\n",
       "   0.05214314278285398,\n",
       "   0.6497834822345803],\n",
       "  [0.05739280766776279,\n",
       "   0.2168961757809183,\n",
       "   0.0744059220950497,\n",
       "   0.05892459684683864,\n",
       "   0.5923804976094305],\n",
       "  [0.0349261231344021,\n",
       "   0.13610756472794427,\n",
       "   0.04303109002258591,\n",
       "   0.03501509030623539,\n",
       "   0.7509201318088323],\n",
       "  [0.06385375765189902,\n",
       "   0.2286075014444474,\n",
       "   0.08506131896119856,\n",
       "   0.06630913253682233,\n",
       "   0.5561682894056327],\n",
       "  [0.06723464104566809,\n",
       "   0.2349039176245144,\n",
       "   0.09085595708298402,\n",
       "   0.07024231261705427,\n",
       "   0.5367631716297792],\n",
       "  [0.04556900046187092,\n",
       "   0.2275548334306265,\n",
       "   0.05183418859927459,\n",
       "   0.04414954837173345,\n",
       "   0.6308924291364946],\n",
       "  [0.045196945106004256,\n",
       "   0.15221449923632308,\n",
       "   0.05652598244970625,\n",
       "   0.04550799187027865,\n",
       "   0.7005545813376878],\n",
       "  [0.06329026539563998,\n",
       "   0.20567419455588315,\n",
       "   0.07069802708590427,\n",
       "   0.06044588099284748,\n",
       "   0.5998916319697252],\n",
       "  [0.057371092512299465,\n",
       "   0.18048376929154708,\n",
       "   0.06808869929111665,\n",
       "   0.056352752401381184,\n",
       "   0.6377036865036556],\n",
       "  [0.0822971989842546,\n",
       "   0.22043048132381055,\n",
       "   0.10188346222128032,\n",
       "   0.0823591739527888,\n",
       "   0.5130296835178658],\n",
       "  [0.04979055985652551,\n",
       "   0.16123429291495647,\n",
       "   0.060496080503034566,\n",
       "   0.04944895647274069,\n",
       "   0.6790301102527427],\n",
       "  [0.08356573440928661,\n",
       "   0.22141807778342593,\n",
       "   0.10495763428231616,\n",
       "   0.08416643863744594,\n",
       "   0.5058921148875254],\n",
       "  [0.08868473229296592,\n",
       "   0.24926018821066837,\n",
       "   0.0953679938027185,\n",
       "   0.0831507205323499,\n",
       "   0.4835363651612972],\n",
       "  [0.06715132237463088,\n",
       "   0.1999358402880737,\n",
       "   0.07993049277224787,\n",
       "   0.06602878859087591,\n",
       "   0.5869535559741716],\n",
       "  [0.09360232821615805,\n",
       "   0.23028497429655073,\n",
       "   0.12177938096922752,\n",
       "   0.09577252041048855,\n",
       "   0.4585607961075752],\n",
       "  [0.07599516220782102,\n",
       "   0.21546174617429667,\n",
       "   0.08976471892386141,\n",
       "   0.07445524997343801,\n",
       "   0.5443231227205829],\n",
       "  [0.08411530461386162,\n",
       "   0.2466210273947423,\n",
       "   0.09030143402701891,\n",
       "   0.07880098766275197,\n",
       "   0.5001612463016252],\n",
       "  [0.07619816069621614,\n",
       "   0.22852084527530372,\n",
       "   0.0843238823512082,\n",
       "   0.0724280108265203,\n",
       "   0.5385291008507516],\n",
       "  [0.051321949800785444,\n",
       "   0.16485352329286174,\n",
       "   0.06269404452048975,\n",
       "   0.0510917233497667,\n",
       "   0.6700387590360963],\n",
       "  [0.09658443337883746,\n",
       "   0.25395425943577743,\n",
       "   0.10370556327072125,\n",
       "   0.09051336286980098,\n",
       "   0.4552423810448629],\n",
       "  [0.061032963393894316,\n",
       "   0.21337881545185472,\n",
       "   0.06652159475583354,\n",
       "   0.05764063507421342,\n",
       "   0.6014259913242039],\n",
       "  [0.050347251908692936,\n",
       "   0.17125920139796355,\n",
       "   0.057463948452430115,\n",
       "   0.04859188092088818,\n",
       "   0.6723377173200252],\n",
       "  [0.09719213056711129,\n",
       "   0.27445446609403934,\n",
       "   0.09840300063375694,\n",
       "   0.08848580033511239,\n",
       "   0.44146460236998003],\n",
       "  [0.0512102458503136,\n",
       "   0.1658102784063194,\n",
       "   0.06100086955878391,\n",
       "   0.0503978377376169,\n",
       "   0.6715807684469661],\n",
       "  [0.08580770026599019,\n",
       "   0.24896781113601238,\n",
       "   0.09182736392842164,\n",
       "   0.08026386735977828,\n",
       "   0.4931332573097976],\n",
       "  [0.07627918662674361,\n",
       "   0.2136145017006186,\n",
       "   0.10083720556667601,\n",
       "   0.07856769052331374,\n",
       "   0.530701415582648],\n",
       "  [0.1222202069788724,\n",
       "   0.3066877866846462,\n",
       "   0.11019997987437541,\n",
       "   0.10490066835943461,\n",
       "   0.3559913581026714],\n",
       "  [0.0739380159892934,\n",
       "   0.22700138952008367,\n",
       "   0.08146276707620587,\n",
       "   0.07013726427252039,\n",
       "   0.5474605631418967],\n",
       "  [0.08056626000170135,\n",
       "   0.22540327095094553,\n",
       "   0.09272828161367487,\n",
       "   0.07799848387439552,\n",
       "   0.5233037035592827],\n",
       "  [0.05935220752318388,\n",
       "   0.22139447001000645,\n",
       "   0.06389069611352022,\n",
       "   0.05574978398951231,\n",
       "   0.5996128423637771],\n",
       "  [0.10594303674501131,\n",
       "   0.29816113345086465,\n",
       "   0.1013356647593952,\n",
       "   0.09373620249134366,\n",
       "   0.40082396255338515],\n",
       "  [0.10554281770698686,\n",
       "   0.2923540720157685,\n",
       "   0.10207723904023237,\n",
       "   0.0939102158903529,\n",
       "   0.40611565534665933],\n",
       "  [0.10438209705847523,\n",
       "   0.286919906130024,\n",
       "   0.10221910159265471,\n",
       "   0.09346506783743894,\n",
       "   0.4130138273814072],\n",
       "  [0.07804558831164263,\n",
       "   0.3360296634263196,\n",
       "   0.07700906073384883,\n",
       "   0.07033179493618648,\n",
       "   0.43858389259200237],\n",
       "  [0.09599269903398441,\n",
       "   0.2642964088699195,\n",
       "   0.09961105117858353,\n",
       "   0.08846402019895387,\n",
       "   0.4516358207185586],\n",
       "  [0.07232149115556255,\n",
       "   0.4370444218652344,\n",
       "   0.07055666112170435,\n",
       "   0.0650499362803671,\n",
       "   0.35502748957713165],\n",
       "  [0.07622373600591954,\n",
       "   0.2823372506105806,\n",
       "   0.0776330468421035,\n",
       "   0.06968124995901397,\n",
       "   0.49412471658238233],\n",
       "  [0.10237365841889372,\n",
       "   0.2757677404222708,\n",
       "   0.10299935316383833,\n",
       "   0.09292190752861838,\n",
       "   0.42593734046637877],\n",
       "  [0.08853931735425204,\n",
       "   0.35327815483526404,\n",
       "   0.08397722250868651,\n",
       "   0.07816146650676749,\n",
       "   0.3960438387950299],\n",
       "  [0.09601135604813017,\n",
       "   0.2810499371702256,\n",
       "   0.09604071952081725,\n",
       "   0.08688797344873703,\n",
       "   0.44001001381208993],\n",
       "  [0.10050454618934018,\n",
       "   0.31969482178553876,\n",
       "   0.09458004703347603,\n",
       "   0.08821784328258175,\n",
       "   0.3970027417090633],\n",
       "  [0.09606978660127682,\n",
       "   0.33167579518682583,\n",
       "   0.09045284202785776,\n",
       "   0.08438993597882762,\n",
       "   0.3974116402052119],\n",
       "  [0.12204277347766716,\n",
       "   0.3225678812028922,\n",
       "   0.10706955255282204,\n",
       "   0.10323249404071692,\n",
       "   0.3450872987259016],\n",
       "  [0.12067972835038214,\n",
       "   0.3224212580622064,\n",
       "   0.1064158563117082,\n",
       "   0.10235671643618195,\n",
       "   0.34812644083952143],\n",
       "  [0.11749378457929541,\n",
       "   0.3365779929816634,\n",
       "   0.10273674717083266,\n",
       "   0.09922803971085617,\n",
       "   0.34396343555735237],\n",
       "  [0.12830240392194472,\n",
       "   0.3316400038250602,\n",
       "   0.10833020858568491,\n",
       "   0.10632372975235352,\n",
       "   0.3254036539149567],\n",
       "  [0.11024337305440958,\n",
       "   0.38460912186969015,\n",
       "   0.09441120466626325,\n",
       "   0.09223710024268574,\n",
       "   0.3184992001669514],\n",
       "  [0.11475471896920682,\n",
       "   0.36741354056449044,\n",
       "   0.09799009762931564,\n",
       "   0.09578384896370985,\n",
       "   0.32405779387327727],\n",
       "  [0.11984673631065759,\n",
       "   0.35187492862814784,\n",
       "   0.10192058031042447,\n",
       "   0.09975097891657769,\n",
       "   0.3266067758341924],\n",
       "  [0.11795762992670741,\n",
       "   0.3995900542584985,\n",
       "   0.09629094248941604,\n",
       "   0.0962283149214321,\n",
       "   0.289933058403946],\n",
       "  [0.09825650915098476,\n",
       "   0.38244780137382023,\n",
       "   0.08845947861907158,\n",
       "   0.08445100414439094,\n",
       "   0.3463852067117324],\n",
       "  [0.12153866838996373,\n",
       "   0.3354608877839045,\n",
       "   0.104821692631909,\n",
       "   0.10188543027316906,\n",
       "   0.3362933209210538],\n",
       "  [0.1126611997382277,\n",
       "   0.35113719109187236,\n",
       "   0.0986235057471763,\n",
       "   0.09524838446127626,\n",
       "   0.34232971896144737],\n",
       "  [0.07807959726036207,\n",
       "   0.5583339376707894,\n",
       "   0.06882706324297036,\n",
       "   0.06693446470800768,\n",
       "   0.2278249371178705],\n",
       "  [0.11830319307438564,\n",
       "   0.48462302650388805,\n",
       "   0.08959200871115792,\n",
       "   0.09363646612019833,\n",
       "   0.2138453055903701],\n",
       "  [0.10628936302767383,\n",
       "   0.4897832750258752,\n",
       "   0.08503700260431747,\n",
       "   0.08637936717130047,\n",
       "   0.23251099217083301],\n",
       "  [0.13234462927256915,\n",
       "   0.38718283544796356,\n",
       "   0.10215527042622843,\n",
       "   0.10461669685603907,\n",
       "   0.27370056799719983],\n",
       "  [0.13103393941128008,\n",
       "   0.44496656710739535,\n",
       "   0.09613959763786727,\n",
       "   0.10145534804497437,\n",
       "   0.22640454779848285],\n",
       "  [0.07543393055192575,\n",
       "   0.5641431723867697,\n",
       "   0.0672182862544167,\n",
       "   0.06503890499607261,\n",
       "   0.2281657058108153],\n",
       "  [0.1007507656341055,\n",
       "   0.5282567948001501,\n",
       "   0.08049958301084675,\n",
       "   0.08219775366027314,\n",
       "   0.20829510289462452],\n",
       "  [0.12621485309402633,\n",
       "   0.45085813510942935,\n",
       "   0.0943505470079843,\n",
       "   0.09871251687610268,\n",
       "   0.22986394791245737],\n",
       "  [0.1302739234526394,\n",
       "   0.4464287637902599,\n",
       "   0.09582115531761776,\n",
       "   0.10101441940035101,\n",
       "   0.22646173803913194],\n",
       "  [0.12309176091429616,\n",
       "   0.45105706318481636,\n",
       "   0.09343746706278666,\n",
       "   0.09701243360192413,\n",
       "   0.2354012752361767],\n",
       "  [0.1718937635859144,\n",
       "   0.3931871716567256,\n",
       "   0.1091254366311394,\n",
       "   0.12335556852715246,\n",
       "   0.2024380595990682],\n",
       "  [0.15215741470877428,\n",
       "   0.43120357567761375,\n",
       "   0.10358579525588071,\n",
       "   0.11453051523423895,\n",
       "   0.19852269912349227],\n",
       "  [0.13601607793439915,\n",
       "   0.46170920584632963,\n",
       "   0.097216801469452,\n",
       "   0.10504707646004703,\n",
       "   0.20001083828977223],\n",
       "  [0.16922135535509714,\n",
       "   0.3777803828380986,\n",
       "   0.10959065832934937,\n",
       "   0.12137496153937403,\n",
       "   0.22203264193808078],\n",
       "  [0.10203535821145636,\n",
       "   0.5321067902318041,\n",
       "   0.08085444056574563,\n",
       "   0.08302393228228307,\n",
       "   0.2019794787087109],\n",
       "  [0.12910807611693462,\n",
       "   0.4774521968331594,\n",
       "   0.10136151672582802,\n",
       "   0.10802624585708194,\n",
       "   0.18405196446699598],\n",
       "  [0.1605734861538128,\n",
       "   0.4116389422869538,\n",
       "   0.10586311541199858,\n",
       "   0.1178800222977955,\n",
       "   0.20404443384943938],\n",
       "  [0.12610249032232618,\n",
       "   0.4843037746532407,\n",
       "   0.09294491715448226,\n",
       "   0.0991625540757248,\n",
       "   0.197486263794226],\n",
       "  [0.08838764477541346,\n",
       "   0.5918096502936026,\n",
       "   0.07742540510012327,\n",
       "   0.07776413426997056,\n",
       "   0.16461316556089023],\n",
       "  [0.05484255124530886,\n",
       "   0.6763095350832836,\n",
       "   0.05051586987436127,\n",
       "   0.048301344831837754,\n",
       "   0.17003069896520853],\n",
       "  [0.14150899810749176,\n",
       "   0.452884418925474,\n",
       "   0.09979551790507833,\n",
       "   0.10883355216691068,\n",
       "   0.1969775128950453],\n",
       "  [0.12791755365682947,\n",
       "   0.4694567683248444,\n",
       "   0.09371679846385313,\n",
       "   0.0995714341562802,\n",
       "   0.20933744539819277],\n",
       "  [0.15982610002971287,\n",
       "   0.411423070469986,\n",
       "   0.1146036846035723,\n",
       "   0.12821901754363177,\n",
       "   0.18592812735309708],\n",
       "  [0.11142506886572452,\n",
       "   0.4989341426626685,\n",
       "   0.10214608281492918,\n",
       "   0.1023060576480068,\n",
       "   0.18518864800867094],\n",
       "  [0.14254718406927042,\n",
       "   0.4353113643247678,\n",
       "   0.11376677228268704,\n",
       "   0.12241488890844532,\n",
       "   0.18595979041482946],\n",
       "  [0.13906148251485018,\n",
       "   0.4025680554055338,\n",
       "   0.13165061948068982,\n",
       "   0.1339127906660525,\n",
       "   0.19280705193287379],\n",
       "  [0.0670588070080795,\n",
       "   0.6654065733666663,\n",
       "   0.06231351680590726,\n",
       "   0.060625576343792155,\n",
       "   0.1445955264755548],\n",
       "  [0.18403265925875492,\n",
       "   0.372744616060139,\n",
       "   0.11977738579164822,\n",
       "   0.13951256618467486,\n",
       "   0.1839327727047831],\n",
       "  [0.18986523260019791,\n",
       "   0.3259679543577019,\n",
       "   0.14144959043098237,\n",
       "   0.166058050778506,\n",
       "   0.1766591718326119],\n",
       "  [0.11140739201053355,\n",
       "   0.4593439436079462,\n",
       "   0.11699249225447218,\n",
       "   0.11025428699265565,\n",
       "   0.2020018851343925],\n",
       "  [0.10942667494502803,\n",
       "   0.5264216389948371,\n",
       "   0.09171181278706846,\n",
       "   0.0946207415483274,\n",
       "   0.17781913172473895],\n",
       "  [0.17346217413496187,\n",
       "   0.3430065003669851,\n",
       "   0.1423720284646645,\n",
       "   0.15954196586262265,\n",
       "   0.18161733117076578],\n",
       "  [0.12982693256826375,\n",
       "   0.42976409469916416,\n",
       "   0.12329350506040868,\n",
       "   0.12384630188601434,\n",
       "   0.1932691657861491],\n",
       "  [0.1366589065566009,\n",
       "   0.39795954112576204,\n",
       "   0.13516724364333269,\n",
       "   0.13475569947081123,\n",
       "   0.19545860920349314],\n",
       "  [0.1398708283360779,\n",
       "   0.326651876960931,\n",
       "   0.17466760941686282,\n",
       "   0.15783259254795062,\n",
       "   0.2009770927381776],\n",
       "  [0.14332478084303535,\n",
       "   0.3809152961566115,\n",
       "   0.14037064305714758,\n",
       "   0.14189203275752613,\n",
       "   0.19349724718567954],\n",
       "  [0.11810960387260713,\n",
       "   0.4046282135727008,\n",
       "   0.138216320153367,\n",
       "   0.12397963752887634,\n",
       "   0.2150662248724488],\n",
       "  [0.08769367201344233,\n",
       "   0.49064050892143546,\n",
       "   0.1019968673573062,\n",
       "   0.08884350006491278,\n",
       "   0.23082545164290316],\n",
       "  [0.12279577826502984,\n",
       "   0.3632171842720652,\n",
       "   0.15829111913008975,\n",
       "   0.13540824077419283,\n",
       "   0.2202876775586224],\n",
       "  [0.10680517424546579,\n",
       "   0.4047065631965596,\n",
       "   0.13577879401685986,\n",
       "   0.1142065162738835,\n",
       "   0.2385029522672313],\n",
       "  [0.12466757973302711,\n",
       "   0.3539575929899494,\n",
       "   0.16337006443689647,\n",
       "   0.1389209315197384,\n",
       "   0.2190838313203886],\n",
       "  [0.1181957417076631,\n",
       "   0.39539267336419176,\n",
       "   0.14237082026883055,\n",
       "   0.12567713783460974,\n",
       "   0.2183636268247048],\n",
       "  [0.105657043142968,\n",
       "   0.38025854605193343,\n",
       "   0.14339214962196223,\n",
       "   0.11540601118658951,\n",
       "   0.25528624999654687],\n",
       "  [0.12682191195287557,\n",
       "   0.33109441347905344,\n",
       "   0.17755045493145227,\n",
       "   0.14589996380682574,\n",
       "   0.21863325582979293],\n",
       "  [0.12955668943764895,\n",
       "   0.30170107507776867,\n",
       "   0.1992350412352292,\n",
       "   0.15593054972484802,\n",
       "   0.2135766445245052],\n",
       "  [0.09672141886851231,\n",
       "   0.3258824118502246,\n",
       "   0.14471628490659538,\n",
       "   0.10720364045036962,\n",
       "   0.32547624392429814],\n",
       "  [0.10598270739448065,\n",
       "   0.3333591960469889,\n",
       "   0.1616429430732926,\n",
       "   0.12005466918878126,\n",
       "   0.2789604842964566],\n",
       "  [0.09557849187588147,\n",
       "   0.49903796054778143,\n",
       "   0.1040638474625435,\n",
       "   0.09490662864154203,\n",
       "   0.20641307147225155],\n",
       "  [0.10199802888169061,\n",
       "   0.3414333298187504,\n",
       "   0.15141010948818295,\n",
       "   0.11382404117283122,\n",
       "   0.2913344906385448],\n",
       "  [0.06784182240536728,\n",
       "   0.32413632965698763,\n",
       "   0.08496262195909493,\n",
       "   0.06905754819482572,\n",
       "   0.4540016777837244],\n",
       "  [0.07575095881720852,\n",
       "   0.5788400014023273,\n",
       "   0.08085024456458142,\n",
       "   0.07358597254734778,\n",
       "   0.19097282266853502],\n",
       "  [0.10412760081284626,\n",
       "   0.31388023393924447,\n",
       "   0.1659671566685741,\n",
       "   0.11890738024355062,\n",
       "   0.29711762833578453],\n",
       "  [0.088822664913234,\n",
       "   0.3077653872088494,\n",
       "   0.12958787983660133,\n",
       "   0.0966723987863494,\n",
       "   0.3771516692549659],\n",
       "  [0.09478540930980149,\n",
       "   0.4285692789140215,\n",
       "   0.1195085015432305,\n",
       "   0.09952045368355529,\n",
       "   0.2576163565493912],\n",
       "  [0.09805419178649132,\n",
       "   0.28819341333536236,\n",
       "   0.15784678586004616,\n",
       "   0.11081850160753276,\n",
       "   0.3450871074105674],\n",
       "  [0.07514362472822403,\n",
       "   0.3189993228300448,\n",
       "   0.09902717943586486,\n",
       "   0.07827336006818082,\n",
       "   0.42855651293768554],\n",
       "  [0.09071832210237343,\n",
       "   0.2596153314947566,\n",
       "   0.14025592453801516,\n",
       "   0.10006933634061152,\n",
       "   0.4093410855242433],\n",
       "  [0.07805635968906069,\n",
       "   0.2388149969313024,\n",
       "   0.11120947954648062,\n",
       "   0.08320031659209431,\n",
       "   0.4887188472410619],\n",
       "  [0.07805290232699726,\n",
       "   0.4441265135264236,\n",
       "   0.09538580015033389,\n",
       "   0.07954051673134147,\n",
       "   0.30289426726490376],\n",
       "  [0.10602251008887865,\n",
       "   0.2486058961783302,\n",
       "   0.19189796233793172,\n",
       "   0.12376694466384054,\n",
       "   0.32970668673101894],\n",
       "  [0.053784969217971434,\n",
       "   0.1772168661006028,\n",
       "   0.06916991935930923,\n",
       "   0.05483130471417568,\n",
       "   0.6449969406079408],\n",
       "  [0.0703388598549398,\n",
       "   0.21828553788037286,\n",
       "   0.09619811867731076,\n",
       "   0.07363903317606542,\n",
       "   0.5415384504113112],\n",
       "  [0.09098598403408573,\n",
       "   0.2771511131056698,\n",
       "   0.13970793320145003,\n",
       "   0.10048855998831198,\n",
       "   0.39166640967048244],\n",
       "  [0.07227877434853464,\n",
       "   0.21839763241815704,\n",
       "   0.0991323531007302,\n",
       "   0.07572307585002322,\n",
       "   0.5344681642825548],\n",
       "  [0.08344649854450578,\n",
       "   0.2877321854687665,\n",
       "   0.11982364108670056,\n",
       "   0.08986066940681395,\n",
       "   0.4191370054932132],\n",
       "  [0.0719744695353267,\n",
       "   0.22220738489713487,\n",
       "   0.09920565157258028,\n",
       "   0.0756055364758644,\n",
       "   0.5310069575190937],\n",
       "  [0.07102185476408934,\n",
       "   0.2667805038254739,\n",
       "   0.0956923924343676,\n",
       "   0.07432355636064691,\n",
       "   0.49218169261542216],\n",
       "  [0.09026115865215224,\n",
       "   0.25498347945512095,\n",
       "   0.13892896996813442,\n",
       "   0.09929802976386862,\n",
       "   0.4165283621607237],\n",
       "  [0.07640064171472932,\n",
       "   0.2121423945057521,\n",
       "   0.0961796677337616,\n",
       "   0.0770253019497734,\n",
       "   0.5382519940959836],\n",
       "  [0.0829910814289299,\n",
       "   0.22508680128679134,\n",
       "   0.11529862542750748,\n",
       "   0.08730137479799784,\n",
       "   0.4893221170587734],\n",
       "  [0.07595997035966763,\n",
       "   0.2245869095095729,\n",
       "   0.10586490885106105,\n",
       "   0.08010829969349417,\n",
       "   0.5134799115862042],\n",
       "  [0.023782969981285734,\n",
       "   0.0874880726486472,\n",
       "   0.027892463719687444,\n",
       "   0.023269334242270262,\n",
       "   0.8375671594081094],\n",
       "  [0.022010539496267165,\n",
       "   0.08876857103226371,\n",
       "   0.026405618653618512,\n",
       "   0.021801198355415684,\n",
       "   0.841014072462435],\n",
       "  [0.055389055984700765,\n",
       "   0.201535017404751,\n",
       "   0.07190876185254631,\n",
       "   0.05684104328462472,\n",
       "   0.6143261214733773],\n",
       "  [0.08492294506863726,\n",
       "   0.22323663276385092,\n",
       "   0.11342365872721474,\n",
       "   0.08784231439387763,\n",
       "   0.49057444904641945],\n",
       "  [0.06074568417746426,\n",
       "   0.40248101111977996,\n",
       "   0.064203185740116,\n",
       "   0.05695848418535275,\n",
       "   0.415611634777287],\n",
       "  [0.03860224721108348,\n",
       "   0.18135570569298975,\n",
       "   0.04403598920611566,\n",
       "   0.03741171325324721,\n",
       "   0.6985943446365639],\n",
       "  [0.052636057348322905,\n",
       "   0.16896037935366165,\n",
       "   0.06591578903789526,\n",
       "   0.052995352237355846,\n",
       "   0.6594924220227644],\n",
       "  [0.07059552653497038,\n",
       "   0.21187139468271984,\n",
       "   0.09538648166312587,\n",
       "   0.07346477512029473,\n",
       "   0.5486818219988892],\n",
       "  [0.02706287499512362,\n",
       "   0.11291987259801035,\n",
       "   0.03233980344074775,\n",
       "   0.026772666879002927,\n",
       "   0.8009047820871154],\n",
       "  [0.02763620015569565,\n",
       "   0.11439846477903123,\n",
       "   0.03136140534091081,\n",
       "   0.026660978586616296,\n",
       "   0.7999429511377459],\n",
       "  [0.03851301372741511,\n",
       "   0.14012677862619094,\n",
       "   0.04808441475287218,\n",
       "   0.03879963440581744,\n",
       "   0.7344761584877043],\n",
       "  [0.009277053760023487,\n",
       "   0.03735882476469619,\n",
       "   0.010814888796300515,\n",
       "   0.009062772028807087,\n",
       "   0.9334864606501728],\n",
       "  [0.04572730677964606,\n",
       "   0.15222018778850221,\n",
       "   0.05678674065489797,\n",
       "   0.04588540262466553,\n",
       "   0.6993803621522883],\n",
       "  [0.07830639805266863,\n",
       "   0.21512156306013056,\n",
       "   0.1019140247224288,\n",
       "   0.08010476810169034,\n",
       "   0.5245532460630816],\n",
       "  [0.05183141070909972,\n",
       "   0.17140218097791893,\n",
       "   0.0600124498817626,\n",
       "   0.050350080705376055,\n",
       "   0.6664038777258426],\n",
       "  [0.06146008338611384,\n",
       "   0.2084613496345475,\n",
       "   0.06766258688212602,\n",
       "   0.05831013074332795,\n",
       "   0.6041058493538847],\n",
       "  [0.05749931674616135,\n",
       "   0.6799546432809738,\n",
       "   0.05167940221540164,\n",
       "   0.050068206680448736,\n",
       "   0.16079843107701458],\n",
       "  [0.05698944604311285,\n",
       "   0.2947525507184499,\n",
       "   0.06077361881270832,\n",
       "   0.0534931730624149,\n",
       "   0.5339912113633141],\n",
       "  [0.0804594092167211,\n",
       "   0.3883310960601547,\n",
       "   0.07718974126116321,\n",
       "   0.07158063142936381,\n",
       "   0.38243912203259717],\n",
       "  [0.04256591280978872,\n",
       "   0.2064456098290406,\n",
       "   0.04867135095236145,\n",
       "   0.04132520546204274,\n",
       "   0.6609919209467665],\n",
       "  [0.08366610268227455,\n",
       "   0.29831847222470226,\n",
       "   0.08325337463330995,\n",
       "   0.07558530525016718,\n",
       "   0.4591767452095461],\n",
       "  [0.08057066312053854,\n",
       "   0.31198990771233,\n",
       "   0.07990472047803705,\n",
       "   0.07271649734672636,\n",
       "   0.45481821134236816],\n",
       "  [0.058377068984465035,\n",
       "   0.31051974428940954,\n",
       "   0.06197393008203886,\n",
       "   0.054693636237257176,\n",
       "   0.5144356204068293],\n",
       "  [0.06042876662302637,\n",
       "   0.5036982000430137,\n",
       "   0.06205267611221952,\n",
       "   0.05599054165365574,\n",
       "   0.3178298155680847],\n",
       "  [0.066585357316831,\n",
       "   0.253054483967358,\n",
       "   0.0698668332840559,\n",
       "   0.0617810981013784,\n",
       "   0.5487122273303766],\n",
       "  [0.07911651486025831,\n",
       "   0.4022277857740885,\n",
       "   0.07588581729197649,\n",
       "   0.07041963450649985,\n",
       "   0.37235024756717683],\n",
       "  [0.103412353748746,\n",
       "   0.3651361363451535,\n",
       "   0.09249347335848075,\n",
       "   0.08849909733277833,\n",
       "   0.35045893921484145],\n",
       "  [0.06164111715720307,\n",
       "   0.4848117708372614,\n",
       "   0.06315622694237259,\n",
       "   0.05700841939117237,\n",
       "   0.33338246567199065],\n",
       "  [0.08174969965470498,\n",
       "   0.3830603637012994,\n",
       "   0.07821861235918913,\n",
       "   0.072607442011551,\n",
       "   0.3843638822732554],\n",
       "  [0.040089878681149424,\n",
       "   0.7361334560241543,\n",
       "   0.039737882816621946,\n",
       "   0.03672360801612925,\n",
       "   0.14731517446194517],\n",
       "  [0.0379630159919655,\n",
       "   0.7531875542122721,\n",
       "   0.03750211558253824,\n",
       "   0.03472915738139053,\n",
       "   0.1366181568318337],\n",
       "  [0.0411725122531054,\n",
       "   0.7228812508275162,\n",
       "   0.04186997360948795,\n",
       "   0.03824702248639283,\n",
       "   0.15582924082349756],\n",
       "  [0.027946390213111173,\n",
       "   0.8239056913539201,\n",
       "   0.02769148143820572,\n",
       "   0.025665206043554552,\n",
       "   0.09479123095120849],\n",
       "  [0.054004047711539396,\n",
       "   0.6307478380532254,\n",
       "   0.05282191383285814,\n",
       "   0.04896287176804997,\n",
       "   0.213463328634327],\n",
       "  [0.07870815826001705,\n",
       "   0.5277840677689475,\n",
       "   0.07077063576509794,\n",
       "   0.06806025824841491,\n",
       "   0.2546768799575226],\n",
       "  [0.10326709205782447,\n",
       "   0.5110479270887479,\n",
       "   0.10033621062861754,\n",
       "   0.09747997223297775,\n",
       "   0.18786879799183234],\n",
       "  [0.059835272603552314,\n",
       "   0.46540106220234884,\n",
       "   0.06360344583134217,\n",
       "   0.0564024293901855,\n",
       "   0.3547577899725711],\n",
       "  [0.11552940875276013,\n",
       "   0.4891979381471796,\n",
       "   0.08835170683732492,\n",
       "   0.0919039458728544,\n",
       "   0.21501700038988103],\n",
       "  [0.06491049649127674,\n",
       "   0.5346817553788991,\n",
       "   0.07330450659097146,\n",
       "   0.06364201305094754,\n",
       "   0.26346122848790515],\n",
       "  [0.040560060923802946,\n",
       "   0.7813205204265278,\n",
       "   0.03691595984275348,\n",
       "   0.03575182221058077,\n",
       "   0.10545163659633508],\n",
       "  [0.03911995910969212,\n",
       "   0.7799611470367037,\n",
       "   0.0360344523579294,\n",
       "   0.034607321990837846,\n",
       "   0.110277119504837],\n",
       "  [0.0645024865502638,\n",
       "   0.48912208292748877,\n",
       "   0.06445019715318505,\n",
       "   0.05887006850000815,\n",
       "   0.3230551648690543],\n",
       "  [0.060696961021143726,\n",
       "   0.6380518807949662,\n",
       "   0.06464757755481625,\n",
       "   0.05841445401392434,\n",
       "   0.1781891266151496],\n",
       "  [0.060494263698242665,\n",
       "   0.48938983945532977,\n",
       "   0.06261465963243189,\n",
       "   0.05626225665872076,\n",
       "   0.33123898055527484],\n",
       "  [0.10353690528350218,\n",
       "   0.34273364315885624,\n",
       "   0.153746647833045,\n",
       "   0.11586823097343844,\n",
       "   0.2841145727511582],\n",
       "  [0.0862468172192141,\n",
       "   0.5859502364319119,\n",
       "   0.08044009819082662,\n",
       "   0.07877974670322944,\n",
       "   0.16858310145481803],\n",
       "  [0.05431150589933613,\n",
       "   0.6107980636496864,\n",
       "   0.058310382870401946,\n",
       "   0.051854599490889504,\n",
       "   0.2247254480896861],\n",
       "  [0.0546670930037136,\n",
       "   0.7189743623719028,\n",
       "   0.051133848886436704,\n",
       "   0.04940474706869943,\n",
       "   0.12581994866924748],\n",
       "  [0.06531080858948818,\n",
       "   0.6554436881046423,\n",
       "   0.06462547566851042,\n",
       "   0.061022130825454754,\n",
       "   0.15359789681190428],\n",
       "  [0.04801115780019519,\n",
       "   0.6828939647197309,\n",
       "   0.050617474370077443,\n",
       "   0.045580295587114066,\n",
       "   0.17289710752288237],\n",
       "  [0.08463151617743032,\n",
       "   0.41807427311457046,\n",
       "   0.10749502476901952,\n",
       "   0.08796949994307877,\n",
       "   0.30182968599590093],\n",
       "  [0.06622025102610155,\n",
       "   0.30378190179778525,\n",
       "   0.08347775908527345,\n",
       "   0.06752029010731908,\n",
       "   0.47899979798352066],\n",
       "  [0.02888049060891303,\n",
       "   0.8207122154202355,\n",
       "   0.028128412819471944,\n",
       "   0.02627056749797568,\n",
       "   0.09600831365340387],\n",
       "  [0.08351040787603724,\n",
       "   0.5137256774558633,\n",
       "   0.09524684702070148,\n",
       "   0.08369453790767654,\n",
       "   0.22382252973972153],\n",
       "  [0.056043164599964036,\n",
       "   0.5972326078564361,\n",
       "   0.0606637271482631,\n",
       "   0.05373748124874044,\n",
       "   0.23232301914659625],\n",
       "  [0.08836894002249002,\n",
       "   0.34910450048914726,\n",
       "   0.12229199004241646,\n",
       "   0.09471177239835607,\n",
       "   0.3455227970475902],\n",
       "  [0.09142742723756712,\n",
       "   0.4437447920319527,\n",
       "   0.11316461265230453,\n",
       "   0.09502438659716651,\n",
       "   0.25663878148100905],\n",
       "  [0.05903403810795583,\n",
       "   0.27450327411698855,\n",
       "   0.0727566050408367,\n",
       "   0.05948756674837001,\n",
       "   0.5342185159858489],\n",
       "  [0.04601477258837193,\n",
       "   0.7402742912190602,\n",
       "   0.046176647415613406,\n",
       "   0.04299555267733351,\n",
       "   0.12453873609962095],\n",
       "  [0.06029848717325124,\n",
       "   0.5939547127382795,\n",
       "   0.05790321966015526,\n",
       "   0.054082967417021184,\n",
       "   0.23376061301129292],\n",
       "  [0.05292743630683081,\n",
       "   0.21668083499980453,\n",
       "   0.06667155687451168,\n",
       "   0.05370854252817876,\n",
       "   0.6100116292906742],\n",
       "  [0.10608160961062932,\n",
       "   0.1488709324101397,\n",
       "   0.43841088524185373,\n",
       "   0.15583656940704949,\n",
       "   0.15080000333032773],\n",
       "  [0.11047499946357467,\n",
       "   0.16882675666951114,\n",
       "   0.3900058444574368,\n",
       "   0.15574987336555837,\n",
       "   0.17494252604391902],\n",
       "  [0.09826570616402486,\n",
       "   0.13710757912552254,\n",
       "   0.4805490246681156,\n",
